, 111. INDEX VERBORVM

quae in hac saturarum recensione leguntur.

a 102, 33 4. 113, 7. 116, 7. 134, 5.
142, 6. 144, 1. 165, 8. 174, 5.
191, 5. 196, 9. 199, 3; 4. 227, 7.
55 102, 6. 138, 2. 145, 6. 162,
4. 165, 1. 172, 3; 51853. 191,
3. 194,19. 199, 3. 211, 7. 2352.
555148, 7.

555555151 95, 2.

abietem 189, 7.

’ 555115 150, 7.

5555151115 99, 8. absolutum 175,13.

5551511515 204, 4.

55 94, 6. 101, 5. 103, 4. 110, 6.
119, 5. 120, 8. 125,1. 127, 3.

Δ 129,1. 133, 3. 139. 7; 9. 143, 4.

145, 6. 156, 5. 158, 11. 163, 3.
170, 9. 172, 4. 177, 4. 181, 7.
186, 2515. 191, 4. 192, 2; 4.
195, 11. 198, 5. 203, 2. 205, 3.
212, 6. 213, 9. 219, 5. 220, 4; 5.’
229, 7. 231, 4, 51155155 126, 1.

5555511 135, 5. 235, 5. accedunt
160, 2. accedebat 134, 4.

55555151 118, 4.

55515555 189, 10.

Accio 229, 3,

5551511 aaut. 5555511 237, 4. ac-
ceptum 160, 6.

accipiter 165, 7.

555111 218, 3. 223, 8.

5555511515 223, 8.

55555515 218, 1.

555555151 187, 4.

5551 198, 2. 213, 2. 551595, 5.
551·515147,3. 5511214, 2. 55115
190, 5. 214, 9.

acerbae 95, 3.

5551551115 111, 9.

5551555 174, 10.

55511214, 9.

’statutae 181, e.

acies 174,9.

551515 224, 1.

5515551 223, 5.

Actaeon 220, 8. .

55102,7. 112,1. 114, 3. 121, 6.
122, 3. 123, 2. 124, 4. 127, 3,
134, 4, 135, 5. 138, 2. 147, 3.
150, 7. 151, 10. 154, 3; 5. 156,-
2515. 157, 6. 159, 8; 9; 11. 165,
9. 166, 1. 168, 1. 169, 8. 172,1.
176, 1. »174, 6. 180, 9. 182, 8.
187,2515. 195, 6. 196, 1. 204, 2.
205, 7. 212, 8. 219, 2. 220, 6.
224, 3. 227, 2; 3. 228, 3. 232,
2; 3. 233, 10. 236, 3, 4.

addam 139, 1. addamus 177, 9.
5555 124, 1. 167, 2. 555115 109,
4. 55551515 217, 9.

5555115111 100, 1. adductae 138, 2.

5555180, 11.

adfatur 201, 6.

adfert 158, 7. 5115111 180, 1. ad·
latam 132, 2. 206, 7.

55555 230, 4.

5515555155 139, 4.

5515551 219, 6.

adligatum 189, 4.

adminicularem 120, 8.

administrant 157, 4. administret
163, 6,

admirantes 154, 7.

admitteres 218, 7.

admouere 210, 9.

adnuisset 195, 11.

Adon 228, 1.

Α511515 199, 8.

555515179, 1. 55551 133, 4. 217, 6.
(240, 10.) adeste 144, 1.

55555155 232, 3.

 

