306

ternae 191, 3.

terra 98, 8. 167, 7. terrae 166, 2.
222, 2. 226,6. terrei 128,8.
1011111146, 2. 162, 9. 10111
127, 7.

terribilia 161, 3.

10111137,1.

101111144,6.

tentamenti 228. 3.

testiculorum 182, 7.

testudineo 266, h.

tetrachordo 267, 6.

tetricae 232, 1.

Thaie Menandri 166, 16.

01001 Thasiae 193, 6.

theatri 181, 3. theatro 143, 8. 144,
2. 221,1.

Thebogenea 124, 6.

θεῷ 130, 9.

1110111111 103, 3.

Thespiadum 214, 4.

tholum 168, 3.

thnnnoe 144, 8.

Tiberim 218, 6.

tibiae 2338 tibiie 181, 3.
1161101132,.6

1161011731.
11100110121781111101111881
(tingo) tinxerat 101, 2. tinctae
184, 6.

. 1111111160, 2.

11ρο111 116, 2.

τις 187, 8.

Titio 229, 4.

10111606. togae 176, 3.

10110 166, 1. Ι101111 116, 9. 216, 6.
10110101262, 3. 10111111238, 4.
tollendum 1168 . ¹

10101111 168, 8.

10101101371. 233,11.

1011116816.100011122,1.10·
auisset 1,64 8.

’ 10101011168,1.

1011110’132,6.

tonitrua 196, 9. 1001111601 108,1.

tonsillae 116, 3

torculum 142, 2.

torque 137, 3.

torqueat 187 9. tortam 211 1.

torret 126 4.

1011664 221, 3. ,

1011126,6.112,4.101011237
1011011181, 3.

1110111734.

tractabilem 206, 2.

tractare 181, 2. tractarent 186,11.

11101111 1811808111

1111111166, 6. traditae 128, 8. 111·

dere 196, 1. traditur 233, 11. ·

tragici 134, 3.

tragoedum 182, 4.

tragularum.

τραγήματα 176, 12.

(111110) trahentes 170, 2. trahere
146, 2. 1110111160, 6.

traiecit 141, 1. 167,6.· · ·

11111111 116, 2.

trapa 189, 16. ·

trecenti 10101233,16; 18.

1101233, 4611. tria 138, 4. 237, 6.
1116111317.

1101111011 168, 4.

tremipcdaa 218, 8.

11160146, 7. -

11160101 102, 7.·

tricae 143, 6.

1110111111 126, 9.

tricliniaria 123, 6.

trimetrum Ionicum 162, 7.

trimodiam 170, 3.

tripalea 138, 6. ·

Triptolemum 208, 1. .

trietem 234, 3 [tristiorem 37, 2].

- trisulcum 168, 2. trisulcae 238, t. .

tritico 216, 3.
111110 146, 6.
tropaea 106, 7

⁴ 1001111166, 6.

τρόπων 106110ος 166, 1. ’ r

· 110110611011106,6. ·

11011111213,4.

6101611127, 11.

11011110 94, 6.

111241. 128,6. 138, 4. 265,-3
236, 4611. 236, 3. tui 187, 1.
1161128, 6. 132,4; 6; 6. 1433
168,.6174,4.183,.2197,.1 71
97,2.160,2. 166,6 16611111,
3]131,1.148,7.168,6.163,1
194,9. 196,7; 9. 201'3,292.·8·
269, 4611. 223, 7.

1161011111εο 163, 2.

1010127 16.141,6.144,3.167,6
168,7.170, 1.176,13.192,-3
197,3.198,1.216,1. 21112313·

10101681.1,269.164,11.213,1

tunicae 1,76 3.186,2.1111011
166, 16 269, 3.

tunicare 166, 3.

1111100 rim 173, 3.

10161 176, 16. 224, 7. 1116111667·

10161001239, l.-

turbnlenta 176, 16.

 

