’ 11611 vesanam 305

6666666116 22310. 164, 2 179, 8. suornm 227, 9.
sugentem 229, 7. · suis 101,.3 169,7. 169,.6 473,
sugillent 163, 8. « 4·.176,13.179,3.183,1. 6666
6611612711. 66111203, 2. 221,1.
661696,8; 9. 200, 7. 66106,4. symmetria 160,1.

107, 3. est quinquies 6166111666- sympathiam 1331. .

pier inuenitur. 6616161666 socan syme 162, 6.

6 102, 6. sumna 217, 2. 218, 3. tabernas 227, 4.

sunt 116, 1,* 2. 1233611. 1337. tabes 186,·7.

146, 9. 164,12. 163, 4. 164,1. taceas 230, 4.

166, 6. 172,2; 4. 176,14. 176, 166116166161116140,1.171,9.

8, 9. 203, 3. 226,7. sim333,3. taedium 190,.3

6111091 128, 7. 162,1. 180,6 1616616 2134.

196, 6. 231, 4. 6116116163,’11.11106166,11
· ἱ61116128,.3 6111120, 6 147,.8 tam 1279 164,.1 168,.6 176,4.
176, 61377, 1). erat 126, 3, 9. 2166.

1364. 177,6. 212, 7. 213, 6. 2181 161661111ομ7 112,.4 129,1.233,.10.
4. eramus, 11361 6161111107 1611111304. 166116 2373

127, 4. 141, 2. 170, 1. essem (tango) tans 1384

1235. 130, l. 196, 2. 64863194, tapetibus 148, 2,

8. esset 114, 6, 120,.1 223, 4. 1613611164.

eris 1211. erit 1931. erunt tardos 2392

137,.4 229,.2 16111826. 183, 611166 Tarenti 193,.6
6.16616111141,6.167,6.167, Tarentina 202,3.Τ616611111116
3. 6616 2294 6111116 2293 esse 206,.7 ,,
[97, 21. 126, 3. 129,4. 130, 3 murena Tartessia 193,.4 -
· 139,4,7.14’3,1;4.147,6.1’641 taurus 1466
11.167,6.169,10176,9,18.176,1611611401.171,9.

6.,1111. 1661 161,’.6 195,7.teet11004'
161,’.,41666’;.,;.4166466’1461661616 ,

6. 216, 6. 216, 6. 237, 6. 238, 2. 1611066211, 2.

¹sumere 2021. 6611612112 su 1661661626. 226,11.
1116161123,7.661161’16219,3. 16161312.

sumpsisti 194, 6. tellurem 203, 8.

6616661641 6666661346 1416411914
6661611111, 1. sumptu133,3. 6616· 1611161661 1,23 7. 124, 4. temeti
6111161683 1 = 170,.9 ·

66166116ομ6 temperatura 100, 1. ι
”braffai-13, 7. superciliis 136, ξ61116ῗ6161ῗθέ22,2. t ‘l m 3

empnm , . empa , .

66661161661344204,,1. templo 132, 1.
superfuisse (17617) 177, 2. tempus 176, 14. 178, 3.· 223, 6.
supernus 200, 7. tempora 120, 9. 1616661694, 3.
suppsetnlis 184, 2. temporis 174, 3. Α
. supparum 133, 3. 166661 101, 2.
suppetias 220, 3. “ · 1611611116 2032 ,
suris 133, 9. tenebriones 187, 4. 1666611666111
(ans) sues 203, 3, 140, 7.

6666116661661 173, 1. (16666) 1611612142 tenent 1346
66661161126,,3 168,.7 suscitabat 1666162226 166616117,6
133, 3. suscitare 231, 2. (tener) teneram 183, 7. 202,10.Ι
suspendit 212 6. suspendisse 1666116133,6.173,6

127, 6. (1611666240, 16).
666616166193,3.1661116933. ι
66111666147, 10 · ter 111 3. 143,2. 163, 2. ’

(sans) sna 113, 8. 168,10 181, 1. 7616111661912
6666223,9.666136,4.·66616 16161661132,6.

111666, Varronis Satir ae. 20

 

