« 1111111111 156, 4.

308

141, 7. 010, 4. 1151111 180, 0. 11-
611 110 3. 100, 8. uidimus 817
10.1161111144,6.11111111007,
0. uidissent 180, 10. uide 133 5
035,1.1151111447173,0.013,
7.111(11111185,6 1161111111θο
10.11(1111111100,4511.11611111
177, 0. uideri 188, 1 11111111

uiget 157, 7. 170, 5. 040, 10.
1111115011017, 4.

uigilant 008811111111 101, 3.

1111111111 100, 7.

1111111111ιῖ

. 11111036, 4. uilissimos 881, 4.

,1111111111 1041.

1111111053.

uincor 180, 8. 111111 116, 6.

1111111111 006, 4.

uinculis 100, 1.

1115111111 180, 7. y

111511111111 101, 4.

uineis 138, 4. 140, 0.

11111111 104, 5.

1111111043. 104, 3. 171, 1, 5.
185,,5,. 010,6 11111104, 1.
130,1. 037, 6. uino 103,1. 108,.
5. 010, 5.

111167, 1. 1111 101, 0. 017, 7.

uirum 164, 3. 11111 104, 5.

11111111 167, 1.

uirgindemiam 07, 5.

11159111111111113. ⁷

uirgultis 005,11.

uirile 184, 7.

'uiridis 170, 8.

· uirtus 04, 0.1,068 11111110145.
11111111 014, 8. uirtutem 110, 0

(111)111811.1ι1ι10377.

111111188311111101, 0.

1111 103, 7107, 3. 008,7. 105, 0.
11111100, 0171, 4. 176, 1, 11111111
143, 0. 105. 4. 031, 3.

. 1111111115811.
(1111) 1111511 013, 0.
nitrum 185,.6
1111111 17113.
11111ξ1ἱ11111105ή. 1111111111
01111111 1,07,1.

(11111)11111000,0. 1111110030.
111111117,4. 11111700 uixi
189, 3. ,uixere 017, 0. 1111111
160,3111111111163,3. .

INDEX 7333011711

1111111160, 11. uiui 199, 8. 11111

111100,5.131,5.141,3.174,7.

71111111 107, 10. 000, 3.

ulmum 105, 3.

ullum 005, 5 1111105, 4. 000, 5.

ultro 018, 4. ‘

11111111 0031.

umbram 187, 3.

umbrantur 001, 6.

111111180511111110360.

1111111001,8.111111111ιο0510.

1111111108,0.130,6.154, 10.

111 100, 4.

11151161, 3. undas 154, 0.

11111115013.

1116111111 133, 7.

1111010000.

unus 185, 0. 146, 8. 000, 1. uuum
105, 4. 174, 8. 177, 6. 107, 3.
1111111110, 0. 014,.5 una 1401

· 174,.9

unumquodque 108, 8. unoquoque
1111111111 05, 3
uocat 118 5. uocant 100 0. 0376.

11111180,3.11611111008,7
uocatur 110,0.

‚uocitatum 197, 6.

1111 100,7. 1111111007, 10.
1111511111 167, 4.

ηοῖιέιθιωῖιιι 130, 6 005,1.1111111111

111111111314011, 1. uolitantis
(1111)1111111111111111,1.1ο-
11111104, 3. 144, 7 104,8.11-
1151111051. 1111111111 1543511.
111111140,5.165,0.1111111111

ἓξὲξ. 1611111110,3. uoluere

uoltu 106, 3.

11111110333. uolneribus 03, 0.
Volumnio 164, 8.

, ,uoluptas 000, 1. uoluptate 171, 8.

000, 5. 1111111111 143, 8471, 9.

. 000,6.

1111111111 146, 3..
1111111111 160. 3.

11ἷο10,68.7100,3. .1411, 8 11511110

11ἷ31181416.11111’170,1. 11111510

11ἓζὶ11ἱ51,7.035,4. 11151100, 5.

1111111111. .- , ,

 

