11101111 7333011711

turdum 206, 4. 226, 1.
Tuscus 206, 2. Tuscis 98, 4.
tutandum 148, 4.

Τ212218 148, 4.
Τ1111112212148, 6.

1212122 228, 6.

1212211933.

1222 126, 2. 182, 8. 194, 8. 236. 2.
1222 107, 1. 227, 2. 121 206, 8.
122114, 3. 12212 206, 7. 12212
124, 7. 168, 7. 1221221107, 2.
1212 107, 2. 241, 6.

tympanis 180, 11.

1122221324.

11113818113111010010·

uellem 2'02, 4. ’

22112122184, 6.

uapor 162,8.

,22112222 122, 1.

221121323. .

7211223411.

uastari 116, 1.

22211122 201, 4.

2222121122 163, 1.

(uanum) 2212 227, 2.

11621128, 9.

ubi 122, 6. 127, 6. 133, 1. 136, 3.
142,1; 23 3. 150,1. 161, 7. 173,
65180, e. 212,1; 3. 216,1. 221,
3; 8. 223, 3. 227, 7.

- 22 adhaerens 111, 2. 128, 1. 163,
2. 167, 6. 186, 6. 229,1.

32122333133'& 10. ‘uehebatur 140,
4. 222122 169, 1.

222221221112 210, 9.

, 2211121112 140, 4.

221102, 3. 127, 3. ,128, 4. 142, 1.
166,2.162,11. μ

(112122) uelitis 100, 6.

22112121 173, 3.

2211122111 126, 4.

22121821.

2212216112 188, 6.

(effi) 71122112 166, 10. uenarum

‚ . . -

uenabulo 183, 2. =

uenalem 173, 3. ’

2222121 167, 6.

222112112- 166, 3. uendidit 140, 7.·

ueneno 216, 6. ’ ’ ’ ’

2222112212184, 6. . > · ·

22212132, 1. 164, 3. 228, 3. ’,22211
130, 7. 6, 22 4. 236, ’3. 11221-
212213 ,6. ueniunt 169, 9. 22-
21221 107, 6. 2221262194, 4.

307

2221121164, 6. ueniam 187, 2.
2211212211, 7. 2222111 117, 2.
222112178, 3. 196,12. 2221212
196, 6.

(221121) 2211221121 188, 4. uenatum
126, 4. ’

uentris 192, 2. 22211212 238, 7.
222112 206,1. .

uentus 161, 0. 210, 8. 22211162,
4. 211, 6. 222122 210, 3.

(Venus) Veneris 96, 3. 117, 6. 130,
1. 2281. 722211222112129 134,
16. Venere 178, 1. “

uenuste 133, 8.

22222122 133, 4.

22124010.

uerbum 198, 8. 2211121136. 190,
7. 22161236, 1.

22121122 164, 7.

221221 211, 6. 221212 221, 3.

Veritas 136, 5.

uero 176,17. 197, 3. 234,1.

22112111 183, 3.

uersuum 110, 4.

22111126221122 122, 3. ’

-(112122)2212 106, 8. 186, 1.

222122 102, 8. 22212221 177, 10.

22222111112 38, 8.

ueste 212, 1. 2221212 187,10.

uester 187, 1.

22211212 116, 1. uestrae 146, 3.
208, 7.

uestigium 122, 7. 136, 3. 227, 10.

ι uestigio 184, 8. uestigia 36, 7.

2221122212 116, 1.

221112 133, 6.

222112ρί222 187,10.

11211112 136, 3. .

2212122 94,1. · -

22122 237, 7. 238, 1. 2212122 106, 3.

22111112 119,1. ,

212 224, 3. uiae 191, 3. niem 161,
2. 191, 6. 214, 61 8. uiae 210, 6.

j 233, 4.
· 2121121112 217, 9.

uiatorem 207, 6.

uibrant 137, 2.

21221122 221, 3. -

2122222 126, 7.

212122 238, 2. ·

uideo [97. 2] 132, 1. 183, 7. 211, 4.
226, 2. 234,11. uides 1021.
124, 3. 138, 4. 143,Ι 1. mue-227,
4;8. 237, 6. uidemus 134, 7. 111- ··
detis 146, 8. 2111221133, 1. 111-
(12221732. 138, 7. 206, 3. uide-
bant 216, 10. 'uidebis 207, 12111

. 20*

 

