280

amphoram 170, 9. amphoras l2l,0.

ampla 142, 2.

amplius 112, 4.

amusiam 170, 8.

amussim 232, 3.

66 100, 1. 109, 1 bia. 141, 7. 166,
2. 168, 8. 186, 6. 190, 2. 190, 3.
206, 1. 218, 6. 2201. 232,1.

66 - 66 - 66 128, 4.

anates 218, 8.

ancillarum 131, 6.

Andromeda 195, 3,

66116616 189, 2.

anguibus 162, 10.

anima 102, a, 8. 132, 6. 166,1.
230, 1. 6611666 151, 8. 234, 1.

animaduertis 144, 7.

animati 110, 7.

animus 102, 7. 113, 9. 661161172,
4. 611166 17215. 222, 4. 661-
16616120, 5. 6611616103, 4. 661-
1666 181, 4.

61116611 184, 3.

Α666 Peranna 219, 4.

Annalis Enni 190, 10.

, anne 220, 2.

annonam 224, 7.

(66666) 6611 207, 6. 6666 140, 4.
666616 187, 2. annorum 216, 4.
6661613113. 212, 7. 66666 202,
6210, 1. 215, 8. 231, 6.

6616 125, 3. 159, 4. 183, 3. 207,
2. 215, 8. 227, 7. 234, 11.

antepositam 150, 3.

antequam 212, 7.

antesignani 100, 6.

6111611616 109, 4.

[6611111166 97, 2].

Antipatri stoici 165, 3.

antiquitates 218, 1.

antiqua 134, 3. antiquo 168, 1.
antiqui 225, 3. antiquorum 135, 0.

ἄπ’ 224, 6.

apage 134, 5.

616116616161111 129, 9.

616116 195, 8. 6161116 166, 9 his.

aperto 125, 3.

6166 202, 8.

Apollinis 204, 2.

Apollonium 149, 4. ·

apothecas 123, 5.

appareat 196, 3. 61161616 227, 10,

611616166 175, 15.

appellamus 102, 3. appellantur
106, 7. 6116116161 199, 3.

Appiam 232, 2.

11101111 venamini

apricari 173, 9.
61166 118, 8. 173, 6. aptum 116,
2. aptam 236, 9.

’ apua 1461. 111, 1. 16661161.

237, 5. 6161175,17.’

Apuliae 182, 8.

aquae 94, 7. aquam 145115,
8. 102, ,3. 206, 2. 211, 1. 221, 1.

aquali 162, 1.

aquarium 233, 7.

aquatilis 94, 8.

6116116616 192, 3.

aquilex 206, 3.

aquilo 151, 6.

aquiloniam 114, 2.

6161331. ararum 119, 3.

61616227, 5.

Arato 145, 6.

arbori 183, 4. arborum 200, 8.

Areadon 122, 4.

arcam 157, 5. 238, 7.

arceram 144, 5.

61611116616166160, 1.

616616 217, 9.

aroyas 188, 2. ,

ardens 113, 9. ardentium 170, 6.

···dileta 145, 9.

[argentaria 37, 4].

argento137, 4. ’·

6116916. -

†Argus 151, 5 adnot.

argumentum 100, 9. mgr-nam

arida 145, 9. .

6111611166 200, 8. aritudinem 201, 8.

Aristoteles 130, 4. ’4111161111
229, 3.

Aristoxenus 182, 6.

61616119,2. ermis 141, 8. 143, ‘l-

arquatis 129, 3.

611111661218, 5.

616 190, 11. 61116202, 5. 61166
96, 5. 182, 2. 183, 3. 6116101,
8. 110, 5. 155, 4.

6166116616 234, 2.

(61116240, 10.)

aselli 193, 5.

66166 218, 6. *asinum 154, 2

6611616 208, 1.

6666 171, 1 bia

661116661 145, 6. 66111666 161, 7.

astrologi 163, 4.

61611116166196, 7.

61119, 4. 133, 8. 162, 7. 206, 2.
217, 2. 226, 1; 6.

Ι11161661616167, 1.

61661 110, 6.

 

