292

3. 180, 9. 66126,3.187, 1. 11
229, 2. eorum 110, 6. 122, 6.
181, 4. 66666190, 11. 666143,
6. 147, 9. 169, 3. 666113, 8.Ι
Ismenias 124, 6.
16161267. 183, 6. ista 219,6. istam
134, 6. 16116 109, 3. 616666 170, 3.
11694, 6107, 3. 136, 1. 234, 11.
itaque 94, 3. 113, 8. 173, 1. 190, 8.
198, 7. 213, 1.
ilem 130, 4. 183, 4. 203, 9. 208, 6.
1166 198, 4. 11666 114, 3.
iterum 121, 2.
itiner 199, 8. ’
16666 126, 4. 16661 130, 7. 227,1.
166666 182, 4. 166611 231, 6.
166666166, 1.
iucundius 123, 1.

, 16366216, 6.
· 166612111.

Iuppiler 101, 3.

66ςὲ6263 182, 1.

ius

iuuenilibus 229, 6.

1666616 188, 6.

16666166 160, 8. ·

iuxta 186, 2.

661216, 7.

κακὸς δαίμων 222, 6.

kaput 213, 6.

κατ’ 229, 3. ,

1161661χ()ηιιις106,8.ι

κι661066181,8.

666666 237, 6.

κοινόν 216, 6.

κόπρον 107, 6.

κόσμος 199, 3.

spiam 158, 2.

κώνειον 120, 2

labdae 109, 3.

1661166, 9.

16βέ 216, 7.

16666160,8.166ο66170,8.

166 169, 9 16616 93, 3. 166116
146, 6. 229, 7. 16616 (661)-,102

1202, 7. 236, 8.

1666666236, 3. 1666661 162,1;2.
16666661 148, 5.

166161179, 9.

166666 206, 6. laeenam 226, 6.

1666116184, 8.

1666611021θὸ, 8.

lagoenae 111, 2

lamentatur 239, 3.

lampade 146, 9. lampadis 219, 2.

[Lampadio 97 ,3.]

lanam 140, 2.

1110111 1811606111

lanea 173, 4.
languido 126, 1.
lanienas 207, 2.
lanigeras 166, 3.
lapatio 171, 9.
lapidibus 226, 10.
lapidoso 113, 7.
large 210, 6.
Laribus 212, 6.
late 161, 6. 201, 3.
161666 118,16. 167, 3. lateres ·
1616616116 226, 9.

’ 161166 199, 4. Latina 110, 3.

Latium 228, 6.
161666 149, 3.
1616616 200, 1.

“ latum 168, 6.

laudato 186, 6.

166666104, 1. 1666661 119, 3. 16-
611 161, 6.

16661861.

1661666 141, 3176, 4. ·

1661666239,7.16616160,4.206,
3; 6. 166116203, 1. 224, 2 16

“ 6166 160, 1.

lecythum 237, 2.
(lego) legens 236, 2. 1636616231, ,
3. legere 176, 16. legs 1704
(19). lectum 176, 14. 166166 ·

’ 208,.6

legumina 166, 4.
1661 161, 9. · ’
leonis 180, 9. leonem 233, 6,

. .. 166666611188. 1.

66666666167, 2.

16666196, 10. 166666 199,9.16·
6616236, 8. leuem 204,6. .

leuis 110, 2. 164, 8. 201, 6. leui

186,1.188,6. 16666 100, ⁵

. 162,1.

1661166137, 7. ’

lex 167 9 leg,e1344.1egu
216, 7. legibus 168,1. 220,1
legibu’ 168, 10. lex 1466616
163, 7. legemLieiuiam168,5.

lexis enrhythmos 190, 7.

libamenta 236, 2.

libantes 202, 9.

116611166666167, 6.

libellum 106, 6.

liberatae 238, 8.

Liberi 170, 7. 176161 206, 4. Ll-
66661244.

libertatis 138, 2.

1166611 109, 6.

11661117,1.

 

