288

extinguit 153, 8.

extat 122, 7.

extispicia 207, 4.

extrema 120, 9.

551115515155 143, 6.

extrinsecus 219, 3.

51511783.

fabularum 178, 5.

faeiem 170, 8.

155115 109, l. 185, 3. 230, 1.

(15515) 15515 226, 7. 1551105, 5.
115,10. 153, 10. 160, 8. 174,10.
178, 1. 1115155226, 4. faciunt

· 216, 7. 15551551206. 1555151
104, 0. 15551551120, 5. 155515
110, 5. 117, 1. 143, 5. 147, 10.
166, 7. 160, 8. 221, 7. 226, 6.
1551115 06, 8. 104, 8. 15511127,
4. 138, 7. 154, 12. factum 215, 0.
facturum 165, 2. 1551 202, 4.
15511112, 2. 15551551180, 11.
183, 2. 225, 8. fecerim 120, 3.
1555111 105, 4. 111, 1. 202, 6.

faecem 208, 7.

1515515 203, 4.

famem 102, 2.

[1551115115 07, 3). familiari 156, 5.

1555 124, 4. 1551 114, 3.

farinam 225, 6.

151115 170, 0.

fasciis 141, 8,

155116111151113, 10,

1515 142, 5. 217, 6,

febrim 102, 4.

151151551 211, 8. 15115555 150,10.

femina 174, 5.

fenerator 103, 1.

fero 106, 1. 1515 115, 1; 2. 1511
115, 0. 1515115 144, 2. 151151
236, 0. 15155 144,1. ferre 137,
6. 151555 189, 5. 15155155 162,
6. ferendum 115, 8. 151151200,
2. 15111 134, 8. 111111 118, 4. 15-
1515 108, 6.

15115127, 10.

1511555 189, 5. 151155 195, 10.

1515515 116, 1. 151511216, 7.

feruido 108, 2. 114, 1. 15151615
161, 0. 15151655 105, 8.

1515515 102, 4.

15155218, 3. 1515 151, 4. 195, 8.
15115156,4.

1551155 129, 9.

(15511555 240, 12.)

1551151 169, 10.

155115 217, 7.

fibulam 236, 0.

merx 7113806111

65515155 225, 1.

(figo) 615106, 7.

figurantur 111, 2.

11155 (97, 3] 151, 7. 154, 4. 165, 3.
220, 1. 1111153, 7. 162, 5.,

- findebat 223, 9.

1555 158, 9, 10. 166, 8.

fingebant 225, 11. fiotum 1851.

(15) 11103, 3. 216, 1, 9. 218, 3.
6551 105, 2. 651217,Ῑο 15151
221, 2. 151551 145, 4. 6511142,
4. 227, 9.

fiamine 151, 0.

flammigerae 117, 12.

651111 170, 8.

65555 128, 4.

flebile 150, 8.

flectendo 181, 8.

(65) 6515211, 3.

Flora 125, 1.

floribus 202, 8.

6551115511 135, 2.

655155 151, 6. fluetibus 128, 2.

fluentum 116, 3.

6511102, 1. 124, 6. 107, 6. fluens
118, 14.

6511515 96, 3.

flumen 118, 14.

focum 158, 3. 160, 1.

fodiendo 157, 4.

1555 207, 5. 15515 102, 6. 189,1.
15511515 195, 8. 206, 6.

15155 122, 5. 231, 7.

forcipes 205, 1. forcipibus 156,1,

1515 171, 7. 211, 2.

forenses 135, 7. forensibus 179, 7.

15155 141, 8. 238, 8.

15115 129, 6.

15115515 190, 8.

151516551223, 1.

formidine 134, 8.

1515555515 138, 8.

formosus 156, 1. 15155555 202,

15115555 174, 4.

151115156, 1.

15111151 137, 6.

Fortuna 165, 8. 219, 5.

15155 158, 8. 203, 2. 1515 175,16.
176, 2. 207, 2. 221, 8. -

frangit 182, 11.

115151 182, 6.

115555 139, 6.

frequentiam 132, 1.

frigedinem 114, 2.

· frigida 149,1. frigidos 94, 7. 110,

2. frigido 162, 15 4.

 

