Ι004

{}ffi,¹}{¹¹¹1¹4⁰0‚¹{4,',·‡· 4400 (444, 4).

simulac 126,1. simulatque 134, 6.

simulacrum 180, 9. simulacra
234, 3.

simules 231, 5.

simultatem 157, 9.

414 166, 4.

41444105,4. 176, 4. 177, 5. 202,9
ter. 220, 5. 223, 3. 239, 12 bis.

sinffilulm 177, 7ὶ 19Ξὲὸ1. l singulae

, . sm 4 04 , .

(4140) sinit 1187, l. siuit 165, 9.

4140444 124,1.

41413331

sisymbrium 180, 7.

(sitis) siti 154, 5.

4114444135,4.

40014144 176, 9.

400144 107, 3. 400114 107, 3.

Socrates 120, l. 216, 6. Socratis
96, 7.

4011795. 40114 126, 2. 4014 173, 9.

40141104, 1. solebat 181, 2. 401111
136,1. 401114142,5.

401144 149,11.

4011604 210, 1.

4011101104 223,1.

sollicitudine 220, 5.

(soluo) 4014411116, 4. 4014441441 140,
1. 4014444 120, 4. solutum 103, 3.

4014444117,2.

solus 156, 1 ter. 189, 7. 220, 2.
solum 1οἣ 2. 209, 2. 40114 2217,

somniat 12 ,8.

somnium 121,1. ’

somnis 130, 7. somno 201,6. 238,4.

4044444444 201, 5.

sonant 180, 2.

404411 1324. sonitum 131,9 2107.

40461 44 176, 4.

4046164 135, 3.

sparagos 237,1.

sparo 161, 5.

spatula 164, 5.

4040144 133, 0.

40001441164, 1. spectemus 147, 9. Α

spectatoris 116, 6.

speculam 134, 6.

speculatum 120, 5.

[4044 97, 4]. 4001 187, 3. spem
131,1. 404 103, 1. operibus 94,
4. 179, 9.

40104 216, 9.

4010141 187, 10..

spicum 155, 1.

spinea 142, 5.

1110611 vultuum

spissum 198, 4. spissius 174, 7.
400114 106, 6.

spongeam 168, 7.
spurcissimam 131, 2.

. equale 159,1.

414610 222, 3.

statues 158, 10.

4141444 198, 8.

stelligeras 210, 6. .
stellumicaatibus 118, 2.
4144444441 140, 5.

4144111 160, 8.

41111 109, 6.

stimulatus 129, 1.

ι 41104144 157, 3.

4110111544 106, 7.

stirpis 201, 7.

(410) 4141137,3. 175, 11. 4101118,
8. 139, 2. 209, 4. stoue 13141.
slantes 168, 1. stare 105,1.

Stoici 165, 3. Stoicorum 222, 4.

41014 133, 8. 150, 3. 4101441301.-

4104444 (i altiorum) 170, 3.

strabam 178,1.

strabones 138, 6.

414410 160, 4. stratos 150, 1.

stramenta 226, 2.

4144440 223, 8.

4144014 125, 1. 41440441 188, 4.

strepitu 132, 3. -

strigile 106, 9.

Strobile 124, 7.

41400514 212, 6.

strues 157, 3.

4146444 143, 4.

studiosius 208,1.

414114 217, 3. 4141104 103, 4.

stupidissimo 195, 4.

suadet 112, 4.

suauem 151,10.

445 118,14. 143, 2. 158, 7.

44540144 212, 7. ’

4456441541 136, 6.

445640444 205, 4. subduxerant
162, 2. subductis 135, 9.

subierunt 216, 2,

445110 180,10.

4451444404144 139, 2.

sublimis 94, 4.

subparuuli 183, 8.

445441114 175, 17.

44541110 207, 3. subsilimus 223,

., 8. 4445411144 146, 0.

44014 145, 4.

4460 151, 9.

suffigimus 99, 7.

sufflare 210, 9. sufflatus 96, 7.

 

