230

Hibero 137, 4. ·

610102,2.124,6. 133, 9. 147, 3
611.167,6.183,6.186,6.187,
2. 206, 1. 213, 6. 233, 10. 234.
11. 6880 97, 1. 101, 6. 166, 3;
4. 160, 2. 163, 2. 166, 7. 168. 6.
178, 1. 227, 9. 6001001. 102, 6.
107, 6. 123, 2 ; 3; 4.143,4. 146, 7.

’ 162,1. 171, 3; 7. 177,6. 186, 3.
188, 1. 203, 4. 206, 1; 2 his.
220, 6. 231, ,6.. huius 196, 6.
6010233, 3. 61100166, 2. 169,
7. 208, 7. 223, 6 6800171, 3.
2064. 214, 6. 680 137,6. 138,
1.61164,1.1181001160,1. his
127, 3. 166, 6171, 7. 186, 4.
608164, 3. 137,6

610 (000016.,)1336. 167, 3. 171 1.
221, 10; 11. 222, 2. 238, 6.

bieme 173, 9.

hilaris 208, 6. ¹

hilaritatis 1233. 611811181801184,3.

6100 102, 6. 106, 6. 134, 6.

’ hinniunt 93, 1.
· < hirundo 240, 10 (8). hirundines

226,11. ³
historiam 137, 3.
hodie 221, 8.
11010811 1064130 10. ef 2103 833

, 1101110102,6.139,9.14610138,

1 208 6. 213, 7. 222 4 ho·
mini 196, 4. 236, 6. hominem
96,4. 139, 7. 166, 3. homine
172, 3. homines 99, 8. 120, 6.
127, 7.147,8. 164, 11. 174,8.
180, 7.,203, 3. 222, 2. 223, 1.
hominum 124, 4. 136, 9. 203, 7.
223, 6. 60010160898,3.
6010011217, 10.
60010111 117, 11. homullum 166, 3.
6001000011 176, 14.
60088108 221, 4.
6000188208, 4.
hornam 132, 2. 60100 126, 6.
horridus 213, 1. horrida 173, 7.
hortari 104, 6.
hospes 130, 3. 240, 10 (8).

N . hospitium 169, 3.

6081108207, 3.

hostibus 107, 3. hostium 106, 6.
hostica 174. 9.

huo 143, 9.

humanum 169, 9. humanae 201.

7. 60080181666.
humili 189, 4.
humum 189, 16. humu860,2. 226 6

nom vennonvn

. 633183 0318,.816610, -

11061801οῧ167,2. ,

Hymenaeus 104, 1.

(18080)18,0801001136, 6.

(18010) 180818 227, 7.

1801801132, 6180188 206, 2. 18-
01810 94, 6. ,

iam 120, 1. 187, 6. 238, 7.

iambis 230, 3. ·

iampridem 134, 7.

1800810 126, 3. ·

161 144, 6. 203, 3. 204, 2. 216, 8.
216, 1. (240, 12.)

ibidem 194, 19. >

Idam 180, 3.

ideireo 167, 7. ’

13010101,1.213,6;661“8. idem
(neutr.) 178, 3. 229, 4. eandem
170, 3. 171, 9. 220, 6. eodem
123,1.130,6.163,1.

ideo 96, 2. 97, 6. 102, 3. 106, 6.
143, 4. 187, 9. 203, 3.

1810010 126, 4.

1010018 129, 3.,

18018011633. ·

igitur 119, 6

' 1308111147, 1. igni 108,2. igni

bus 161, 6.

ignorasse 106, 1.

3333188322 ¹⁴

Ilio 211, 7 -

1118147,1,167,4.18361834.
190,’2.206,’.,,.ἴ.120612221
228, 1. illud 174, 6. 234, 1. 11· ,
1108130,1,202,6.1111124,8
172,·4 4.231,1 1. illum 194, 8
1987 . 17110 217, 8. 236, 2. il·
lae134,3.

11110104, 5.

11100 132, 1.

11331.ῗ1ῑ1;......., a.

imbui 95, 3. 11060108 113, 4. in·
6111001221, 7.

imitemur 147, 9.

101018οὶ8 174,10. 1111108088 167,3.

10081100208, 4. ,

imperiumne, -

impietas 216, 2.

implicatus 234, 6.

imponeret 132, 2. impos 111 138,

6. imponere 168,3.1010081188

imprehss 184, 8.

impuberem 217, 4.

impudicitia 216, 3“

 

