294

matellam 191, 7 160, 4.

mater 98, 6. 163, 6.

Matris Deum 131, 8. isat.

6111616231,1.61616161213 ma·
turo 191, 4.

maxima 117, 11.

maxime 176, 8.

· me (acc.) 161, 6 1661. 1161..

112,1.117,1.120,6.130,6,7.
131, 6. 139, 6. 164, 4. 167, 6.
178, 2. 160, 4. 19⁰,-3. 196, 1.
908, 3. 217, 4. 211, 6. 221, 6.
229,.4 232, 3. 234,11. 666161)
144,1. 661206, 8 61111116,
81172124 7.131,7.133,.3
166,6.111,1,114,’.6 161, 1.
207, 3. 920, 3· 7.226,.4 229,1.
238, 4. 611116,7.186,5(186,
3). 204,4. 661 (1. e. 111161) 1863

meant 101, 6.

Medeam 162, 10, 11.

medendam 123, 2.

medici 173,1. medico 204, 4. 166-
dicos, 98, 6.

medicamentum 194, 19.

medicinam 130, 8.

6601611616 169, 8.

medium169, 1 237, 6, 7. 238, 1,
9. 66116221, 8. 228, 6.

medullitus 114, 1.

mehercule 115, 3.

Melicae grues 193, 3. Μ611666
123, 6.

66116941.6161166120,7.144,
6. 206, 6. meliorem 116, 10.

mitram Melitensem 202, 114

meliusculam 131, 1.

melle 114, 6.

. mellita 176, 8 616.

μ616111616179, 6.

Μ6166 190, 6.

membris 168. 6.

666161117,2.

Menandri 16610. of. 100,8. 136, 10.
Menippea haeresis 998, 6

6666 201, 6. 666166 181, 4
66666202,2.6611616142, 1.
(1666616) mense 229, 3 666666

207, 6. mensibus 174, 8. 229, 1.
66616184,8.

Mentoris 96, 6.

mercatus 216, 1.
mercedem 986. 1,
Mercurium 122, 4.

“ merere 126, 8. meret 196, 7.

’ meridie 161, 6. 207, 6.
6611161 95, 4.

11101111 1113303114

16161616 231, 6. 6616 128,·6. mera ,

163,1. meram 209, 3.

messem 139, 9. 226, 1.

metam 999, 6.

Metamelos 164, 4.

6611616Ρ1161666166162,7,-
paliis* oyes 169,7,

metuam 234, 2. metuunt 1916).

61666167,1. 182, 6. 61661126
126,3.139,1. 228, 6. menn
136, 7. 168, 4. 171, 6. 190, 9.
237, 7. 238, 3. 666 218, 661666
131,.,.,714862341.6616
172, 1, 235,1. mois 139, 9.

micant 137,.2 micandum 190,1

μικρὸν 116161 168, 2.

611166 213, 2.

Milesiae 202, 8.

militia 212, 7. 61111161 161, 1.

milibus 196, 9. .

611666211,1.

. μιμησεται 187, 8.

Minerua 101, 3. 209, 4. 919, 6

’ Mineruae 221,7. ,

6161616116 186, 7. ·

61616116 169, 6.

ministrat 919, 6. ministrarunt 217,
7. ministrasset 173, 4. 61111·
611616 117, 2.

611666 100, 7.

6166166 165, 6.

miracula 163, 1.

(61116) miras 130, 3. 6111116131.
6. mira 130, 6. ’

,mirum 100, 7. 238, 6. auin
146, 7.

“ 616661 201, 9. misceri 1444

61661166147, 1.

miser 1223. miserum 116, 6. ui·

seros 189, 2.
misericordia139. 1.
61661116 164, 10.
611166120211616.
61116120,6.1611111164,6.201,’
2. mittat 108, 3. 221, 3. 1111
161 221, 4616. missum 1661
Mnesitheum 237, 6.
mobilem 179, 3. mobile 116,l·
mobili 184. 6.
modestiam 919, 9.
modestissime 169, 4. . .
modice 137, 6. 190, 7. 230, 3.
6611166166,2.170,10.
modo (61111611.) 104, 3111111111
3.147,.9 166, 9. 174, 1. 2164

, 4244 444..o
. mosum 1161

 

