lNllllX vssuoflvu

aduentam 162, 10.

aduentoribus 160, 2. ¹

aduentum 173, 1.

aduersi 211, 5.

aduersarius 116, 7.

adulescentem 147, 4. 195, 12. adu-
lescentium 133, 5.

adulescentiaris 230, 5.

aduratur 140, 3.

aedes 204, 2. aedem 131, 8. aedi-
bus 96, 1. aedium 100, 1.

aedilis 133, 2. ,

aedilicium modium 150, 2.

aeger 98, 5.

Aegeus 151, 6.Ι

aegritudinem 123, 2.

66616166 127, 8. 6661616111205, 3.

palma Aegyptia 193, 6.

aemulum 202, 5.

Aenea 97, 7 (98, 2). Aeneae 151,4.

aeno 163, 2.

aequor 165, 9.

666666 156, 1. 66666 179, 4.

adr 161, 6, aira 102, 9. 162, 10.

66161166 143, 5.

6616166 200, 5.

aerea 137, 1.

6611666 211, 4. Δ

66111166 145, 10.

666 174, 2. 6616 210, 7.

aestuantis 146, 9.

66166133, 6.

aetatula 117, 4.

aethere 118, 3. aetheris 210, 6.

aeuitatis 229, 5.

666116166111203, 7.

afficiens 134, 2.

Africa 151, 3.

Publius Africanus 186, 2.

Agamemnona 237, 3,

ἄγαν μηθέν 169, 4.

6661158, 11. 6611 238, 6. 6616
208,1. 6616111103,6. 66166
197, 6.

6666166119, 3.

agilipennis 218, 8.

6611616 131, 6. agitantur 172, 3.

†agmen160, 1. ,

agnoscere 190, 3.

666 222, 3. 6616146, 10. agens
154, 9. 66616 182, 4. agendi
176, 2. 666 144, 5. 182,2. aetum
108, 2. agat 146, 9. egimus

108, 6. egisset 107, 6.
ἐπιτάφιον ἀγῶνα 222, 3.
66 183, 3.

6661166 128, 4.

279

Aiax 127, 10. -

ait 104, 3. 105, 5. 127, 6. 196,12.
661, 3. 166, a

ἀκίνητος 172, 3. ἀκίνητοι 172, 5.

ἄκρατος 100, 8.

6166 137, 2.

album 237, 0; 7. 6166 234, 6. al-
bis 215, 7.

616166161113, 7.

Albulam 107, 6.

6166 186, 4.

Alexandro 165, 1.

6166136, 6.

alieno 159, 3.

alimoniam 159, 3.

alioqui 153,11.

6116616 12769. 61166111 101, 6. 129,
2. aliquod 156, 2. 611666 113, 7.

aliquot 202, 6. 212, 7. 226, 6.

alium 110, 6. 198, 5.

61166 116, 2. 168, 3. 174, 4. 189,
3; 7. ,208, 8. 6116 166, 5. 202,
11. 611611 120, 8. 169,1; 5. 186,
6. 6116111 150, 3. 6111 168, 3.
61166 94, 6.

(616) alantur 142, 3. 61611 146, 6.
611116 159, 3.

6116 146,1.149, 1. 162, 9.

611616 164, 3 bis. alteram 214, 6;
8. alterum 102, 33 4. 144, 6.
160, 6, 177, 9; 10. 228, 3.

(61166) 6116 114, 3. 189, 9; 10.
192, 3. 6116111108, 1. 6116 234,4.

611116666 117, 2.

alumna 135, 6. alumni 211, 9.

6166111104,1. 205, 4.

ambiguo 208, 3.

ambiuio 161, 1.

ambos 130, 5.

6661166 ex Ambracia 193, 4.

6111616616 198, 6.

6111661616 227, 7. ambulans 166,
10. ambulando 154, 6. 227, 5.

amicae 213, 9.

amicitiam 157, 10.

amiculam 202, 7.

amiculo 148, 2.

(61111616) 6611111153, 6.

amissimus 150, 1.

amuis 197, 6. 6111116151,6. amni-
um 180, 2.

(61116)66161[97,4]. 147,1. ama178,
2. amantis 145, 9. 6616111864.

Α11161145, 8. Amoris 184, 8.

Amphionis 182, 4. Amphionem
182, 4.

amphitapa 160, 6.

 

