INDEX VERBORVM

—quc adhaerens tricies nonies in-
uertitur

quemadmodum 181, 6.

(queo) queam 200, 3. 1111112312.

querqueto 200, 8.

querquetulse 94, 8.

(1111111187, 1.

1111111111.) quinquies et tricies Ie-
pitur. 11111161. 129, 3 bis. 142,
4. 144,1. 146, 3. 174, 6. 176, 6,
8. 177, 1. 181,1. 182, 2. 2042
611. 214, 2. 217, 4, 11111120,
3. 136, 3. 111 128, 8. 166, 8.
quem 100, 6.Ι 110, 8. 114, 6.
169, 9. 160, 8. 167, 7. quam 117,
12. 118,1. 148, 6. 161,6. 161,1.
179, 3. 197, 6. 202, 8. 229, 6.
quod (1111111111.) 104, 2. 109,
1. 117, 2. 118,16. 126, 9. 127, 9.
141, 3. 163, 10. 167, 1, 4, 169, 6.
171, 7. 176, 22. 177, 8, 9. 203, 4.
213, 7. 216, 8. 216, 7. 220, 8. 221,
8. 223, 4, 6. 228, 3. 229, 4. 237,
6. quo 120, 4. 126, 8. 168, 2. 177,
8. 228, 4. qus 161, 2. 202, 4.
227, 4. qui (plur.) 99, 8. 116, 7.
131, 6. 132, 2. 138, 6. 143, 8. 147,
8. 148, 6. 163, 4, 6. 164,1.169,
3611. 178, 6. 183, 2. 194, 8. 217,
7. 226, 3, 7. 226,1. 227, 6. 228,
6. 1111111122, 6. 170, 3. qna·
rum 162, 8. 216, 2. 1111611100,
3. 113, 9. 141, 8. 111, 4, 8. 176,
2. 179, 8. 180, 2. 191,1, 4. 192,
2. (1111(161.) 172, 2,. 11111184,
4, 228, 6. 236, 8. 236, 3. quas
117, 4. 146,’10.

«11171111111. nas, 11. qun ’

. 120, 7. 129, 6. 179, 6. 229,,1, 8.
1111111416. 166, 2. 1866. 231,6.
11111631. quo 142, 6.

qui (1.1. quornodo) 120, 6. 128, 7.
182, 2; 186, 1. ’

quis 126, 8. 149, 4. 176, 16. 196, 1.

quicum 220, 8.

¹ quidam 197,1. quiddam 138, 7.
quandam 190, 8. 201, 7.

quidem 163, 6. 176, 10. 280, 4.

quietus 181, 7.

quin 124, 7. 164, 1.

quinquaginta 216, 9.

quinque 117,12. .

Quintipor Clodius 106, 4.

quis (11111119.)116,6. 123, 7. 170,
6. 216,4. quae 133, 4, 66111
6,. 138, 1. 227,1. 11111196, 8. 97,
2. 100, 4. 120, 1, 8. 128, 3. 130,

301

3, 4. 138, 4. 146,7. 147,10.
149, 3 quater. 162, 2. 164, 3. 167.
6, 169, 6. 196,11. 196, 1. 204,
4. 218, 7. 217,10. 221, 7. 238,4,

’ 6. 111 231, 4. quam 166, 8.
196,1. 227, 2, 3. (111229, 6.

(quisnam) quemnam 196, 7.

quisquam 123, 1. (11111111127, 8.

(quinis) quiduis 102, 6.

quocirca 168, 1.

quocunque 211, 3.

(1111111111.) 96, 2: 99, 7. 101, 6. ’
102, 2. 106, 2. 108, 6. 126, 8.
138, 4. 148, 6. 164, 7. 167, 6. 163,
3. 170, 1. 176,10. 177, 6. 1806.
187, 9, 10. 204,1. 206,1. 2035,
209, 4. 211, 9. 223, 1, 9. 224, 3.
231, 6. 234, 1. ·

quodsi 211, 6. 221, 4. 229, 2.

1111111394. 146, 7. 171,1. 206, 6.
207, 1. 211, 7. 222, 3. ,

(111111111169, 7. 180, 10. 222,1.
224, 2. , ’

quoniam 117,1- 120, 4. 230, 4.

11ἑ1ἑ1ὂ114177, 2. 187, 3. 211, 7.

, .

quot 139, 2. 167, 2.

quotiens 139, 9.

1161111496.

1161111111186, 6.

radebat 139, 10. rasa 170, 1.

ramicis (plur.) 142, 6. ramices
233, 9.

ramo 189, 4. ramis 189. 9. ramos
162, 6. 189, 11. ·

rapinatores 107, 6.

11111111 113, 7. rapere 177, 4. rapta

rapo 187, 3.

raptoris 142, 6.

11111220,3.

Reatino 218, 6.

1111111111121,1. y ,

recentes 96, 2. ’ ’

recinebant 182, 3. ’

11ἓ111111111ῒ2ἰ3ἓᾷ6ᾇ receperis 106,

‚recepi , .

recte 130, 9. 207,1.

1111111629.

reddit 227, 6, reddunt 174, 8.
reddet 102, 9. redderet 162,11.
reddere 2321. ·

reduxi 212, 8. ·

1111111 136, 8. 1111111111112,1. ·

refrenato 184, 7. refrenet 110, 6.

refrigerare 238,1.

regillae 186, 2.

 

