0011 ..1110011111

00011 141, 6. 000101 100, 8. 163, 8.
196, 1. 203, 6. 000111 129, 9. 138,

6.140,2.164,8. 1842.

Odyssian Homeri 106, 4.

Oedipus 178, 3.

0110061216, 8. 01100611 164, 7. 01-
10060111182, 7. offensus 113, 7.

03001101 96, 2.

(0100) 0101001 110, 7.

Ι 0100102361. 0100188, 6.
01101 197, 6. 228, 2. 98, 3. 211, 9

01101111 144, 4.

olfacit 123,7.

, ollae 1112. 0111101403.

0101000000 160, 8.

‘Olympiae 101, 3.

01011111 124,.7

0100111413 010011237 186,.7
0010111131, 6. 141, 6. 148,6. 164,
6. 169,10. 210, 3611. 222, 2.
omma 945 107, 4. 116,1. 166,
6.176,6(19). 213, 6. 220, 4.
010011101148,1.176,13.192,4.
202, 8. 0100110100.) 106, 2.

0010100 106, 2. 198, 3. 216, 8.

6100910000 179, 6. ὄνοι 10000
, .

001001 173, 6.

0001101946 0001101 1207.

00111010 177, 6, .
opinione 123, 3. opinionem 181, 7.

oportere 195, 6. 0001101 139, 8.
168,1. 166,7.176,16176,3.
221, 7.

000160 204, 2².

00111011867. ,

optare 155, 2.

0011001110101 187, 6.

0010100 110, 7. 169, 8.

0001 116, 1; 2. 203, 6. 000’ 2044

0110111738 0110102083

, 0111 148, 8.

orbis 128, 8. 0111001226, 6.
orbito 146, 3.

0101101111 233, 8.

0100 200, 4

origine 138, 2.

011111 192, 4. 01100101 191, 4, orta

010111 133, 8.

0011101963.
011100111110010180, 1.

01 196, 4. 010 136, 3.

(01) 0110 202, 9. 0111 132, 7.
010111 166, 6.

297

ostendo 208, 3. ostenderet 161, 7.

ostendere-154, 3.
01100111 96, 6. 011001101 170, 3.

’ 011101 138, 30193, 6. 231,1. ostream

21610.
011110001 133, 9.
011010 176, 3.
0116111011 121,1.
0011931.
000 121, 4.
01010206, 2. .
Pactolus 1619.
Pacui 183, 6. Pacuui 001101 169, 1.
0100016611.
0000011236μὸ
0101017811
(palum) 0111 138, 4.
palatum 231, 2.
Ρ1101219,4.
Ρ11111111189,9
palpebrae 184,.4
011110011706.209,2.224,61011-
lia 170,2.
palma 193 6. palmam 191, 1.
0111010111 180, 4.
0110111001 161,1.
paludibus 219, 1.
01001101οο0 2361.
pancratio 222, 6.
Panda 219, 4.
010111966, 000010 194, 6.
0101611021. .
apyri 109, 6.
1011) 0111 203, 10. paria 185, 6. “
01100 217,1.
0010011667.
01100100163,9.
(pppga)1 01101111 220,1. parata
parreia 2277 01110101226,.3
(0 ario) 0110101 146, 7. 011010 143,
3. 2316. 000011198, 7. 286,6.

0101012039.

parmis 100, 6.
(0110) 01111010 139, 6. 01101010
139, 7. parare 231, 4. paranda
passgihsss? 213, 6.

. 011194301110163,10.011111101

191,1. 011111(000.)182, 6. 2266
particulatim 98, 3.
partim 133, 8.

= (011101) 0111011 102, 2. 0111010

109, 7. partu 102, 2,

paruulus 146, 8.
01101 155, 4. paruum 109, 1. 01100

146, 4. 0001111110οε 184, 6.

 

